5 0.000001 0 0 0 0 0.000001 0 0 0 0 0.000001 0 0 0 0 0.000001 0 0 0 0 0.000001 0 0 0 0 0.000001 0 0 0 0 0.000001 0 0 0 0 0.000001 0 0 0 0 0.000001 0 0 0 0 0.000001 0 0 0 0 0.000001 0 0 0 0 0 0 0 0 0 0 0 0 0 0 0 0 0 0 0 0 0 0 0 0 0 0 0 0 0 0 0 0 0 0 0 0 0 0 0 0 0 0 1000000 1 5000000 0 500000 0 3200000 0 1500000 0
5 0 0.0000002 0 0 0 0 0.0000002 0 0 0 0 0.0000002 0 0 0 0 0.0000002 0 0 0 0 0.0000002 0 0 0 0 0.0000002 0 0 0 0 0.0000002 0 0 0 0 0.0000002 0 0 0 0 0.0000002 0 0 0 0 0.0000002 0 0 0 0 0 0 0 0 0 0.0000002 0 0 0 0 0 0 0 0 0 0 0 0 0 0 0 0 0 0 0 0 0 0 0 0 0 0 0 0 0 0 0 0 0 0 0 0 1000000 0 5000000 1 500000 0 3200000 0 1500000 0
5 0 0 0.000002 0 0 0 0 0.000002 0 0 0 0 0.000002 0 0 0 0 0.000002 0 0 0 0 0.000002 0 0 0 0 0.000002 0 0 0 0 0.000002 0 0 0 0 0.000002 0 0 0 0 0.000002 0 0 0 0 0.000002 0 0 0 0 0 0 0 0 0 0 0 0 0 0 0.000002 0 0 0 0 0 0 0 0 0 0 0 0 0 0 0 0 0 0 0 0 0 0 0 0 0 0 0 0 0 0 1000000 0 5000000 0 500000 1 3200000 0 1500000 0
5 0 0 0 0.0000003 0 0 0 0 0.0000003 0 0 0 0 0.0000003 0 0 0 0 0.0000003 0 0 0 0 0.0000003 0 0 0 0 0.0000003 0 0 0 0 0.0000003 0 0 0 0 0.0000003 0 0 0 0 0.0000003 0 0 0 0 0.0000003 0 0 0 0 0 0 0 0 0 0 0 0 0 0 0 0 0 0 0 0.0000003 0 0 0 0 0 0 0 0 0 0 0 0 0 0 0 0 0 0 0 0 0 0 0 0 1000000 0 5000000 0 500000 0 3200000 1 1500000 0
5 0 0 0 0 0.0000007 0 0 0 0 0.0000007 0 0 0 0 0.0000007 0 0 0 0 0.0000007 0 0 0 0 0.0000007 0 0 0 0 0.0000007 0 0 0 0 0.0000007 0 0 0 0 0.0000007 0 0 0 0 0.0000007 0 0 0 0 0.0000007 0 0 0 0 0 0 0 0 0 0 0 0 0 0 0 0 0 0 0 0 0 0 0 0 0.0000007 0 0 0 0 0 0 0 0 0 0 0 0 0 0 0 0 0 0 1000000 0 5000000 0 500000 0 3200000 0 1500000 1
5 0.000001 0 0 0 0 0.000001 0 0 0 0 0.000001 0 0 0 0 0.000001 0 0 0 0 0.000001 0 0 0 0 0.000001 0 0 0 0 0.000001 0 0 0 0 0.000001 0 0 0 0 0.000001 0 0 0 0 0.000001 0 0 0 0 0.000001 0 0 0 0 0 0 0 0 0 0 0 0 0 0 0 0 0 0 0 0 0 0 0 0 0 1 0 0 0 0 0 0 0 0 0 0 0 0 0 0 0 0 1000000 1 5000000 0 500000 0 3200000 0 1500000 0
5 0 0.0000002 0 0 0 0 0.0000002 0 0 0 0 0.0000002 0 0 0 0 0.0000002 0 0 0 0 0.0000002 0 0 0 0 0.0000002 0 0 0 0 0.0000002 0 0 0 0 0.0000002 0 0 0 0 0.0000002 0 0 0 0 0.0000002 0 0 0 0 0 0 0 0 0 0.0000002 0 0 0 0 0 0 0 0 0 0 0 0 0 0 0 0 0 0 0 1 0 0 0 0 0 0 0 0 0 0 0 0 0 0 0 0 1000000 0 5000000 1 500000 0 3200000 0 1500000 0
5 0 0 0.000002 0 0 0 0 0.000002 0 0 0 0 0.000002 0 0 0 0 0.000002 0 0 0 0 0.000002 0 0 0 0 0.000002 0 0 0 0 0.000002 0 0 0 0 0.000002 0 0 0 0 0.000002 0 0 0 0 0.000002 0 0 0 0 0 0 0 0 0 0 0 0 0 0 0.000002 0 0 0 0 0 0 0 0 0 0 0 0 0 1 0 0 0 0 0 0 0 0 0 0 0 0 0 0 0 0 1000000 0 5000000 0 500000 1 3200000 0 1500000 0
5 0 0 0 0.0000003 0 0 0 0 0.0000003 0 0 0 0 0.0000003 0 0 0 0 0.0000003 0 0 0 0 0.0000003 0 0 0 0 0.0000003 0 0 0 0 0.0000003 0 0 0 0 0.0000003 0 0 0 0 0.0000003 0 0 0 0 0.0000003 0 0 0 0 0 0 0 0 0 0 0 0 0 0 0 0 0 0 0 0.0000003 0 0 0 0 0 0 0 1 0 0 0 0 0 0 0 0 0 0 0 0 0 0 0 0 1000000 0 5000000 0 500000 0 3200000 1 1500000 0
5 0 0 0 0 0.0000007 0 0 0 0 0.0000007 0 0 0 0 0.0000007 0 0 0 0 0.0000007 0 0 0 0 0.0000007 0 0 0 0 0.0000007 0 0 0 0 0.0000007 0 0 0 0 0.0000007 0 0 0 0 0.0000007 0 0 0 0 0.0000007 0 0 0 0 0 0 0 0 0 0 0 0 0 0 0 0 0 0 0 0 0 0 0 0 0.0000007 0 1 0 0 0 0 0 0 0 0 0 0 0 0 0 0 0 0 1000000 0 5000000 0 500000 0 3200000 0 1500000 1
5 0.000001 0 0 0 0 0.000001 0 0 0 0 0.000001 0 0 0 0 0.000001 0 0 0 0 0.000001 0 0 0 0 0.000001 0 0 0 0 0.000001 0 0 0 0 0.000001 0 0 0 0 0.000001 0 0 0 0 0.000001 0 0 0 0 0.000001 0 0 0 0 0 0 0 0 0 0 0 0 0 0 0 0 0 0 0 0 0 0 0 0 0 0 1 0 0 0 0 0 0 0 0 0 0 0 0 0 0 0 1000000 1 5000000 0 500000 0 3200000 0 1500000 0
5 0 0.0000002 0 0 0 0 0.0000002 0 0 0 0 0.0000002 0 0 0 0 0.0000002 0 0 0 0 0.0000002 0 0 0 0 0.0000002 0 0 0 0 0.0000002 0 0 0 0 0.0000002 0 0 0 0 0.0000002 0 0 0 0 0.0000002 0 0 0 0 0 0 0 0 0 0.0000002 0 0 0 0 0 0 0 0 0 0 0 0 0 0 0 0 0 0 0 0 1 0 0 0 0 0 0 0 0 0 0 0 0 0 0 0 1000000 0 5000000 1 500000 0 3200000 0 1500000 0
5 0 0 0.000002 0 0 0 0 0.000002 0 0 0 0 0.000002 0 0 0 0 0.000002 0 0 0 0 0.000002 0 0 0 0 0.000002 0 0 0 0 0.000002 0 0 0 0 0.000002 0 0 0 0 0.000002 0 0 0 0 0.000002 0 0 0 0 0 0 0 0 0 0 0 0 0 0 0.000002 0 0 0 0 0 0 0 0 0 0 0 0 0 0 1 0 0 0 0 0 0 0 0 0 0 0 0 0 0 0 1000000 0 5000000 0 500000 1 3200000 0 1500000 0
5 0 0 0 0.0000003 0 0 0 0 0.0000003 0 0 0 0 0.0000003 0 0 0 0 0.0000003 0 0 0 0 0.0000003 0 0 0 0 0.0000003 0 0 0 0 0.0000003 0 0 0 0 0.0000003 0 0 0 0 0.0000003 0 0 0 0 0.0000003 0 0 0 0 0 0 0 0 0 0 0 0 0 0 0 0 0 0 0 0.0000003 0 0 0 0 0 0 0 0 1 0 0 0 0 0 0 0 0 0 0 0 0 0 0 0 1000000 0 5000000 0 500000 0 3200000 1 1500000 0
5 0 0 0 0 0.0000007 0 0 0 0 0.0000007 0 0 0 0 0.0000007 0 0 0 0 0.0000007 0 0 0 0 0.0000007 0 0 0 0 0.0000007 0 0 0 0 0.0000007 0 0 0 0 0.0000007 0 0 0 0 0.0000007 0 0 0 0 0.0000007 0 0 0 0 0 0 0 0 0 0 0 0 0 0 0 0 0 0 0 0 0 0 0 0 0.0000007 0 0 1 0 0 0 0 0 0 0 0 0 0 0 0 0 0 0 1000000 0 5000000 0 500000 0 3200000 0 1500000 1
5 0.000001 0 0 0 0 0.000001 0 0 0 0 0.000001 0 0 0 0 0.000001 0 0 0 0 0.000001 0 0 0 0 0.000001 0 0 0 0 0.000001 0 0 0 0 0.000001 0 0 0 0 0.000001 0 0 0 0 0.000001 0 0 0 0 0.000001 0 0 0 0 0 0 0 0 0 0 0 0 0 0 0 0 0 0 0 0 0 0 0 0 0 1 1 0 0 0 0 0 0 0 0 0 0 0 0 0 0 0 1000000 1 5000000 0 500000 0 3200000 0 1500000 0
5 0 0.0000002 0 0 0 0 0.0000002 0 0 0 0 0.0000002 0 0 0 0 0.0000002 0 0 0 0 0.0000002 0 0 0 0 0.0000002 0 0 0 0 0.0000002 0 0 0 0 0.0000002 0 0 0 0 0.0000002 0 0 0 0 0.0000002 0 0 0 0 0 0 0 0 0 0.0000002 0 0 0 0 0 0 0 0 0 0 0 0 0 0 0 0 0 0 0 1 1 0 0 0 0 0 0 0 0 0 0 0 0 0 0 0 1000000 0 5000000 1 500000 0 3200000 0 1500000 0
5 0 0 0.000002 0 0 0 0 0.000002 0 0 0 0 0.000002 0 0 0 0 0.000002 0 0 0 0 0.000002 0 0 0 0 0.000002 0 0 0 0 0.000002 0 0 0 0 0.000002 0 0 0 0 0.000002 0 0 0 0 0.000002 0 0 0 0 0 0 0 0 0 0 0 0 0 0 0.000002 0 0 0 0 0 0 0 0 0 0 0 0 0 1 1 0 0 0 0 0 0 0 0 0 0 0 0 0 0 0 1000000 0 5000000 0 500000 1 3200000 0 1500000 0
5 0 0 0 0.0000003 0 0 0 0 0.0000003 0 0 0 0 0.0000003 0 0 0 0 0.0000003 0 0 0 0 0.0000003 0 0 0 0 0.0000003 0 0 0 0 0.0000003 0 0 0 0 0.0000003 0 0 0 0 0.0000003 0 0 0 0 0.0000003 0 0 0 0 0 0 0 0 0 0 0 0 0 0 0 0 0 0 0 0.0000003 0 0 0 0 0 0 0 1 1 0 0 0 0 0 0 0 0 0 0 0 0 0 0 0 1000000 0 5000000 0 500000 0 3200000 1 1500000 0
5 0 0 0 0 0.0000007 0 0 0 0 0.0000007 0 0 0 0 0.0000007 0 0 0 0 0.0000007 0 0 0 0 0.0000007 0 0 0 0 0.0000007 0 0 0 0 0.0000007 0 0 0 0 0.0000007 0 0 0 0 0.0000007 0 0 0 0 0.0000007 0 0 0 0 0 0 0 0 0 0 0 0 0 0 0 0 0 0 0 0 0 0 0 0 0.0000007 0 1 1 0 0 0 0 0 0 0 0 0 0 0 0 0 0 0 1000000 0 5000000 0 500000 0 3200000 0 1500000 1
5 0.000001 0 0 0 0 0.000001 0 0 0 0 0.000001 0 0 0 0 0.000001 0 0 0 0 0.000001 0 0 0 0 0.000001 0 0 0 0 0.000001 0 0 0 0 0.000001 0 0 0 0 0.000001 0 0 0 0 0.000001 0 0 0 0 0.000001 0 0 0 0 0 0 0 0 0 0 0 0 0 0 0 0 0 0 0 0 0 0 0 0 0 2 0 0 0 0 0 0 0 0 0 0 0 0 0 0 0 0 1000000 1 5000000 0 500000 0 3200000 0 1500000 0
5 0 0.0000002 0 0 0 0 0.0000002 0 0 0 0 0.0000002 0 0 0 0 0.0000002 0 0 0 0 0.0000002 0 0 0 0 0.0000002 0 0 0 0 0.0000002 0 0 0 0 0.0000002 0 0 0 0 0.0000002 0 0 0 0 0.0000002 0 0 0 0 0 0 0 0 0 0.0000002 0 0 0 0 0 0 0 0 0 0 0 0 0 0 0 0 0 0 0 2 0 0 0 0 0 0 0 0 0 0 0 0 0 0 0 0 1000000 0 5000000 1 500000 0 3200000 0 1500000 0
5 0 0 0.000002 0 0 0 0 0.000002 0 0 0 0 0.000002 0 0 0 0 0.000002 0 0 0 0 0.000002 0 0 0 0 0.000002 0 0 0 0 0.000002 0 0 0 0 0.000002 0 0 0 0 0.000002 0 0 0 0 0.000002 0 0 0 0 0 0 0 0 0 0 0 0 0 0 0.000002 0 0 0 0 0 0 0 0 0 0 0 0 0 2 0 0 0 0 0 0 0 0 0 0 0 0 0 0 0 0 1000000 0 5000000 0 500000 1 3200000 0 1500000 0
5 0 0 0 0.0000003 0 0 0 0 0.0000003 0 0 0 0 0.0000003 0 0 0 0 0.0000003 0 0 0 0 0.0000003 0 0 0 0 0.0000003 0 0 0 0 0.0000003 0 0 0 0 0.0000003 0 0 0 0 0.0000003 0 0 0 0 0.0000003 0 0 0 0 0 0 0 0 0 0 0 0 0 0 0 0 0 0 0 0.0000003 0 0 0 0 0 0 0 2 0 0 0 0 0 0 0 0 0 0 0 0 0 0 0 0 1000000 0 5000000 0 500000 0 3200000 1 1500000 0
5 0 0 0 0 0.0000007 0 0 0 0 0.0000007 0 0 0 0 0.0000007 0 0 0 0 0.0000007 0 0 0 0 0.0000007 0 0 0 0 0.0000007 0 0 0 0 0.0000007 0 0 0 0 0.0000007 0 0 0 0 0.0000007 0 0 0 0 0.0000007 0 0 0 0 0 0 0 0 0 0 0 0 0 0 0 0 0 0 0 0 0 0 0 0 0.0000007 0 2 0 0 0 0 0 0 0 0 0 0 0 0 0 0 0 0 1000000 0 5000000 0 500000 0 3200000 0 1500000 1
5 0.000001 0 0 0 0 0.000001 0 0 0 0 0.000001 0 0 0 0 0.000001 0 0 0 0 0.000001 0 0 0 0 0.000001 0 0 0 0 0.000001 0 0 0 0 0.000001 0 0 0 0 0.000001 0 0 0 0 0.000001 0 0 0 0 0.000001 0 0 0 0 0 0 0 0 0 0 0 0 0 0 0 0 0 0 0 0 0 0 0 0 0 0 2 0 0 0 0 0 0 0 0 0 0 0 0 0 0 0 1000000 1 5000000 0 500000 0 3200000 0 1500000 0
5 0 0.0000002 0 0 0 0 0.0000002 0 0 0 0 0.0000002 0 0 0 0 0.0000002 0 0 0 0 0.0000002 0 0 0 0 0.0000002 0 0 0 0 0.0000002 0 0 0 0 0.0000002 0 0 0 0 0.0000002 0 0 0 0 0.0000002 0 0 0 0 0 0 0 0 0 0.0000002 0 0 0 0 0 0 0 0 0 0 0 0 0 0 0 0 0 0 0 0 2 0 0 0 0 0 0 0 0 0 0 0 0 0 0 0 1000000 0 5000000 1 500000 0 3200000 0 1500000 0
5 0 0 0.000002 0 0 0 0 0.000002 0 0 0 0 0.000002 0 0 0 0 0.000002 0 0 0 0 0.000002 0 0 0 0 0.000002 0 0 0 0 0.000002 0 0 0 0 0.000002 0 0 0 0 0.000002 0 0 0 0 0.000002 0 0 0 0 0 0 0 0 0 0 0 0 0 0 0.000002 0 0 0 0 0 0 0 0 0 0 0 0 0 0 2 0 0 0 0 0 0 0 0 0 0 0 0 0 0 0 1000000 0 5000000 0 500000 1 3200000 0 1500000 0
5 0 0 0 0.0000003 0 0 0 0 0.0000003 0 0 0 0 0.0000003 0 0 0 0 0.0000003 0 0 0 0 0.0000003 0 0 0 0 0.0000003 0 0 0 0 0.0000003 0 0 0 0 0.0000003 0 0 0 0 0.0000003 0 0 0 0 0.0000003 0 0 0 0 0 0 0 0 0 0 0 0 0 0 0 0 0 0 0 0.0000003 0 0 0 0 0 0 0 0 2 0 0 0 0 0 0 0 0 0 0 0 0 0 0 0 1000000 0 5000000 0 500000 0 3200000 1 1500000 0
5 0 0 0 0 0.0000007 0 0 0 0 0.0000007 0 0 0 0 0.0000007 0 0 0 0 0.0000007 0 0 0 0 0.0000007 0 0 0 0 0.0000007 0 0 0 0 0.0000007 0 0 0 0 0.0000007 0 0 0 0 0.0000007 0 0 0 0 0.0000007 0 0 0 0 0 0 0 0 0 0 0 0 0 0 0 0 0 0 0 0 0 0 0 0 0.0000007 0 0 2 0 0 0 0 0 0 0 0 0 0 0 0 0 0 0 1000000 0 5000000 0 500000 0 3200000 0 1500000 1
5 0.000001 0 0 0 0 0.000001 0 0 0 0 0.000001 0 0 0 0 0.000001 0 0 0 0 0.000001 0 0 0 0 0.000001 0 0 0 0 0.000001 0 0 0 0 0.000001 0 0 0 0 0.000001 0 0 0 0 0.000001 0 0 0 0 0.000001 0 0 0 0 0 0 0 0 0 0 0 0 0 0 0 0 0 0 0 0 0 0 0 0 0 0 0 1 0 0 0 0 0 0 0 0 0 0 0 0 0 0 1000000 1 5000000 0 500000 0 3200000 0 1500000 0
5 0 0.0000002 0 0 0 0 0.0000002 0 0 0 0 0.0000002 0 0 0 0 0.0000002 0 0 0 0 0.0000002 0 0 0 0 0.0000002 0 0 0 0 0.0000002 0 0 0 0 0.0000002 0 0 0 0 0.0000002 0 0 0 0 0.0000002 0 0 0 0 0 0 0 0 0 0.0000002 0 0 0 0 0 0 0 0 0 0 0 0 0 0 0 0 0 0 0 0 0 1 0 0 0 0 0 0 0 0 0 0 0 0 0 0 1000000 0 5000000 1 500000 0 3200000 0 1500000 0
5 0 0 0.000002 0 0 0 0 0.000002 0 0 0 0 0.000002 0 0 0 0 0.000002 0 0 0 0 0.000002 0 0 0 0 0.000002 0 0 0 0 0.000002 0 0 0 0 0.000002 0 0 0 0 0.000002 0 0 0 0 0.000002 0 0 0 0 0 0 0 0 0 0 0 0 0 0 0.000002 0 0 0 0 0 0 0 0 0 0 0 0 0 0 0 1 0 0 0 0 0 0 0 0 0 0 0 0 0 0 1000000 0 5000000 0 500000 1 3200000 0 1500000 0
5 0 0 0 0.0000003 0 0 0 0 0.0000003 0 0 0 0 0.0000003 0 0 0 0 0.0000003 0 0 0 0 0.0000003 0 0 0 0 0.0000003 0 0 0 0 0.0000003 0 0 0 0 0.0000003 0 0 0 0 0.0000003 0 0 0 0 0.0000003 0 0 0 0 0 0 0 0 0 0 0 0 0 0 0 0 0 0 0 0.0000003 0 0 0 0 0 0 0 0 0 1 0 0 0 0 0 0 0 0 0 0 0 0 0 0 1000000 0 5000000 0 500000 0 3200000 1 1500000 0
5 0 0 0 0 0.0000007 0 0 0 0 0.0000007 0 0 0 0 0.0000007 0 0 0 0 0.0000007 0 0 0 0 0.0000007 0 0 0 0 0.0000007 0 0 0 0 0.0000007 0 0 0 0 0.0000007 0 0 0 0 0.0000007 0 0 0 0 0.0000007 0 0 0 0 0 0 0 0 0 0 0 0 0 0 0 0 0 0 0 0 0 0 0 0 0.0000007 0 0 0 1 0 0 0 0 0 0 0 0 0 0 0 0 0 0 1000000 0 5000000 0 500000 0 3200000 0 1500000 1
5 0.000001 0 0 0 0 0.000001 0 0 0 0 0.000001 0 0 0 0 0.000001 0 0 0 0 0.000001 0 0 0 0 0.000001 0 0 0 0 0.000001 0 0 0 0 0.000001 0 0 0 0 0.000001 0 0 0 0 0.000001 0 0 0 0 0.000001 0 0 0 0 0 0 0 0 0 0 0 0 0 0 0 0 0 0 0 0 0 0 0 0 0 0 0 2 0 0 0 0 0 0 0 0 0 0 0 0 0 0 1000000 1 5000000 0 500000 0 3200000 0 1500000 0
5 0 0.0000002 0 0 0 0 0.0000002 0 0 0 0 0.0000002 0 0 0 0 0.0000002 0 0 0 0 0.0000002 0 0 0 0 0.0000002 0 0 0 0 0.0000002 0 0 0 0 0.0000002 0 0 0 0 0.0000002 0 0 0 0 0.0000002 0 0 0 0 0 0 0 0 0 0.0000002 0 0 0 0 0 0 0 0 0 0 0 0 0 0 0 0 0 0 0 0 0 2 0 0 0 0 0 0 0 0 0 0 0 0 0 0 1000000 0 5000000 1 500000 0 3200000 0 1500000 0
5 0 0 0.000002 0 0 0 0 0.000002 0 0 0 0 0.000002 0 0 0 0 0.000002 0 0 0 0 0.000002 0 0 0 0 0.000002 0 0 0 0 0.000002 0 0 0 0 0.000002 0 0 0 0 0.000002 0 0 0 0 0.000002 0 0 0 0 0 0 0 0 0 0 0 0 0 0 0.000002 0 0 0 0 0 0 0 0 0 0 0 0 0 0 0 2 0 0 0 0 0 0 0 0 0 0 0 0 0 0 1000000 0 5000000 0 500000 1 3200000 0 1500000 0
5 0 0 0 0.0000003 0 0 0 0 0.0000003 0 0 0 0 0.0000003 0 0 0 0 0.0000003 0 0 0 0 0.0000003 0 0 0 0 0.0000003 0 0 0 0 0.0000003 0 0 0 0 0.0000003 0 0 0 0 0.0000003 0 0 0 0 0.0000003 0 0 0 0 0 0 0 0 0 0 0 0 0 0 0 0 0 0 0 0.0000003 0 0 0 0 0 0 0 0 0 2 0 0 0 0 0 0 0 0 0 0 0 0 0 0 1000000 0 5000000 0 500000 0 3200000 1 1500000 0
5 0 0 0 0 0.0000007 0 0 0 0 0.0000007 0 0 0 0 0.0000007 0 0 0 0 0.0000007 0 0 0 0 0.0000007 0 0 0 0 0.0000007 0 0 0 0 0.0000007 0 0 0 0 0.0000007 0 0 0 0 0.0000007 0 0 0 0 0.0000007 0 0 0 0 0 0 0 0 0 0 0 0 0 0 0 0 0 0 0 0 0 0 0 0 0.0000007 0 0 0 2 0 0 0 0 0 0 0 0 0 0 0 0 0 0 1000000 0 5000000 0 500000 0 3200000 0 1500000 1
5 0.000001 0 0 0 0 0.000001 0 0 0 0 0.000001 0 0 0 0 0.000001 0 0 0 0 0.000001 0 0 0 0 0.000001 0 0 0 0 0.000001 0 0 0 0 0.000001 0 0 0 0 0.000001 0 0 0 0 0.000001 0 0 0 0 0.000001 0 0 0 0 0 0 0 0 0 0 0 0 0 0 0 0 0 0 0 0 0 0 0 0 0 0 0 0 1 0 0 0 0 0 0 0 0 0 0 0 0 0 1000000 1 5000000 0 500000 0 3200000 0 1500000 0
5 0 0.0000002 0 0 0 0 0.0000002 0 0 0 0 0.0000002 0 0 0 0 0.0000002 0 0 0 0 0.0000002 0 0 0 0 0.0000002 0 0 0 0 0.0000002 0 0 0 0 0.0000002 0 0 0 0 0.0000002 0 0 0 0 0.0000002 0 0 0 0 0 0 0 0 0 0.0000002 0 0 0 0 0 0 0 0 0 0 0 0 0 0 0 0 0 0 0 0 0 0 1 0 0 0 0 0 0 0 0 0 0 0 0 0 1000000 0 5000000 1 500000 0 3200000 0 1500000 0
5 0 0 0.000002 0 0 0 0 0.000002 0 0 0 0 0.000002 0 0 0 0 0.000002 0 0 0 0 0.000002 0 0 0 0 0.000002 0 0 0 0 0.000002 0 0 0 0 0.000002 0 0 0 0 0.000002 0 0 0 0 0.000002 0 0 0 0 0 0 0 0 0 0 0 0 0 0 0.000002 0 0 0 0 0 0 0 0 0 0 0 0 0 0 0 0 1 0 0 0 0 0 0 0 0 0 0 0 0 0 1000000 0 5000000 0 500000 1 3200000 0 1500000 0
5 0 0 0 0.0000003 0 0 0 0 0.0000003 0 0 0 0 0.0000003 0 0 0 0 0.0000003 0 0 0 0 0.0000003 0 0 0 0 0.0000003 0 0 0 0 0.0000003 0 0 0 0 0.0000003 0 0 0 0 0.0000003 0 0 0 0 0.0000003 0 0 0 0 0 0 0 0 0 0 0 0 0 0 0 0 0 0 0 0.0000003 0 0 0 0 0 0 0 0 0 0 1 0 0 0 0 0 0 0 0 0 0 0 0 0 1000000 0 5000000 0 500000 0 3200000 1 1500000 0
5 0 0 0 0 0.0000007 0 0 0 0 0.0000007 0 0 0 0 0.0000007 0 0 0 0 0.0000007 0 0 0 0 0.0000007 0 0 0 0 0.0000007 0 0 0 0 0.0000007 0 0 0 0 0.0000007 0 0 0 0 0.0000007 0 0 0 0 0.0000007 0 0 0 0 0 0 0 0 0 0 0 0 0 0 0 0 0 0 0 0 0 0 0 0 0.0000007 0 0 0 0 1 0 0 0 0 0 0 0 0 0 0 0 0 0 1000000 0 5000000 0 500000 0 3200000 0 1500000 1
5 0.000001 0 0 0 0 0.000001 0 0 0 0 0.000001 0 0 0 0 0.000001 0 0 0 0 0.000001 0 0 0 0 0.000001 0 0 0 0 0.000001 0 0 0 0 0.000001 0 0 0 0 0.000001 0 0 0 0 0.000001 0 0 0 0 0.000001 0 0 0 0 0 0 0 0 0 0 0 0 0 0 0 0 0 0 0 0 0 0 0 0 0 0 0 0 2 0 0 0 0 0 0 0 0 0 0 0 0 0 1000000 1 5000000 0 500000 0 3200000 0 1500000 0
5 0 0.0000002 0 0 0 0 0.0000002 0 0 0 0 0.0000002 0 0 0 0 0.0000002 0 0 0 0 0.0000002 0 0 0 0 0.0000002 0 0 0 0 0.0000002 0 0 0 0 0.0000002 0 0 0 0 0.0000002 0 0 0 0 0.0000002 0 0 0 0 0 0 0 0 0 0.0000002 0 0 0 0 0 0 0 0 0 0 0 0 0 0 0 0 0 0 0 0 0 0 2 0 0 0 0 0 0 0 0 0 0 0 0 0 1000000 0 5000000 1 500000 0 3200000 0 1500000 0
5 0 0 0.000002 0 0 0 0 0.000002 0 0 0 0 0.000002 0 0 0 0 0.000002 0 0 0 0 0.000002 0 0 0 0 0.000002 0 0 0 0 0.000002 0 0 0 0 0.000002 0 0 0 0 0.000002 0 0 0 0 0.000002 0 0 0 0 0 0 0 0 0 0 0 0 0 0 0.000002 0 0 0 0 0 0 0 0 0 0 0 0 0 0 0 0 2 0 0 0 0 0 0 0 0 0 0 0 0 0 1000000 0 5000000 0 500000 1 3200000 0 1500000 0
5 0 0 0 0.0000003 0 0 0 0 0.0000003 0 0 0 0 0.0000003 0 0 0 0 0.0000003 0 0 0 0 0.0000003 0 0 0 0 0.0000003 0 0 0 0 0.0000003 0 0 0 0 0.0000003 0 0 0 0 0.0000003 0 0 0 0 0.0000003 0 0 0 0 0 0 0 0 0 0 0 0 0 0 0 0 0 0 0 0.0000003 0 0 0 0 0 0 0 0 0 0 2 0 0 0 0 0 0 0 0 0 0 0 0 0 1000000 0 5000000 0 500000 0 3200000 1 1500000 0
5 0 0 0 0 0.0000007 0 0 0 0 0.0000007 0 0 0 0 0.0000007 0 0 0 0 0.0000007 0 0 0 0 0.0000007 0 0 0 0 0.0000007 0 0 0 0 0.0000007 0 0 0 0 0.0000007 0 0 0 0 0.0000007 0 0 0 0 0.0000007 0 0 0 0 0 0 0 0 0 0 0 0 0 0 0 0 0 0 0 0 0 0 0 0 0.0000007 0 0 0 0 2 0 0 0 0 0 0 0 0 0 0 0 0 0 1000000 0 5000000 0 500000 0 3200000 0 1500000 1
5 0.000001 0 0 0 0 0.000001 0 0 0 0 0.000001 0 0 0 0 0.000001 0 0 0 0 0.000001 0 0 0 0 0.000001 0 0 0 0 0.000001 0 0 0 0 0.000001 0 0 0 0 0.000001 0 0 0 0 0.000001 0 0 0 0 0.000001 0 0 0 0 0 0 0 0 0 0 0 0 0 0 0 0 0 0 0 0 0 0 0 0 0 0 0 0 0 1 0 0 0 0 0 0 0 0 0 0 0 0 1000000 1 5000000 0 500000 0 3200000 0 1500000 0
5 0 0.0000002 0 0 0 0 0.0000002 0 0 0 0 0.0000002 0 0 0 0 0.0000002 0 0 0 0 0.0000002 0 0 0 0 0.0000002 0 0 0 0 0.0000002 0 0 0 0 0.0000002 0 0 0 0 0.0000002 0 0 0 0 0.0000002 0 0 0 0 0 0 0 0 0 0.0000002 0 0 0 0 0 0 0 0 0 0 0 0 0 0 0 0 0 0 0 0 0 0 0 1 0 0 0 0 0 0 0 0 0 0 0 0 1000000 0 5000000 1 500000 0 3200000 0 1500000 0
5 0 0 0.000002 0 0 0 0 0.000002 0 0 0 0 0.000002 0 0 0 0 0.000002 0 0 0 0 0.000002 0 0 0 0 0.000002 0 0 0 0 0.000002 0 0 0 0 0.000002 0 0 0 0 0.000002 0 0 0 0 0.000002 0 0 0 0 0 0 0 0 0 0 0 0 0 0 0.000002 0 0 0 0 0 0 0 0 0 0 0 0 0 0 0 0 0 1 0 0 0 0 0 0 0 0 0 0 0 0 1000000 0 5000000 0 500000 1 3200000 0 1500000 0
5 0 0 0 0.0000003 0 0 0 0 0.0000003 0 0 0 0 0.0000003 0 0 0 0 0.0000003 0 0 0 0 0.0000003 0 0 0 0 0.0000003 0 0 0 0 0.0000003 0 0 0 0 0.0000003 0 0 0 0 0.0000003 0 0 0 0 0.0000003 0 0 0 0 0 0 0 0 0 0 0 0 0 0 0 0 0 0 0 0.0000003 0 0 0 0 0 0 0 0 0 0 0 1 0 0 0 0 0 0 0 0 0 0 0 0 1000000 0 5000000 0 500000 0 3200000 1 1500000 0
5 0 0 0 0 0.0000007 0 0 0 0 0.0000007 0 0 0 0 0.0000007 0 0 0 0 0.0000007 0 0 0 0 0.0000007 0 0 0 0 0.0000007 0 0 0 0 0.0000007 0 0 0 0 0.0000007 0 0 0 0 0.0000007 0 0 0 0 0.0000007 0 0 0 0 0 0 0 0 0 0 0 0 0 0 0 0 0 0 0 0 0 0 0 0 0.0000007 0 0 0 0 0 1 0 0 0 0 0 0 0 0 0 0 0 0 1000000 0 5000000 0 500000 0 3200000 0 1500000 1
5 0.000001 0 0 0 0 0.000001 0 0 0 0 0.000001 0 0 0 0 0.000001 0 0 0 0 0.000001 0 0 0 0 0.000001 0 0 0 0 0.000001 0 0 0 0 0.000001 0 0 0 0 0.000001 0 0 0 0 0.000001 0 0 0 0 0.000001 0 0 0 0 0 0 0 0 0 0 0 0 0 0 0 0 0 0 0 0 0 0 0 0 0 0 0 0 0 2 0 0 0 0 0 0 0 0 0 0 0 0 1000000 1 5000000 0 500000 0 3200000 0 1500000 0
5 0 0.0000002 0 0 0 0 0.0000002 0 0 0 0 0.0000002 0 0 0 0 0.0000002 0 0 0 0 0.0000002 0 0 0 0 0.0000002 0 0 0 0 0.0000002 0 0 0 0 0.0000002 0 0 0 0 0.0000002 0 0 0 0 0.0000002 0 0 0 0 0 0 0 0 0 0.0000002 0 0 0 0 0 0 0 0 0 0 0 0 0 0 0 0 0 0 0 0 0 0 0 2 0 0 0 0 0 0 0 0 0 0 0 0 1000000 0 5000000 1 500000 0 3200000 0 1500000 0
5 0 0 0.000002 0 0 0 0 0.000002 0 0 0 0 0.000002 0 0 0 0 0.000002 0 0 0 0 0.000002 0 0 0 0 0.000002 0 0 0 0 0.000002 0 0 0 0 0.000002 0 0 0 0 0.000002 0 0 0 0 0.000002 0 0 0 0 0 0 0 0 0 0 0 0 0 0 0.000002 0 0 0 0 0 0 0 0 0 0 0 0 0 0 0 0 0 2 0 0 0 0 0 0 0 0 0 0 0 0 1000000 0 5000000 0 500000 1 3200000 0 1500000 0
5 0 0 0 0.0000003 0 0 0 0 0.0000003 0 0 0 0 0.0000003 0 0 0 0 0.0000003 0 0 0 0 0.0000003 0 0 0 0 0.0000003 0 0 0 0 0.0000003 0 0 0 0 0.0000003 0 0 0 0 0.0000003 0 0 0 0 0.0000003 0 0 0 0 0 0 0 0 0 0 0 0 0 0 0 0 0 0 0 0.0000003 0 0 0 0 0 0 0 0 0 0 0 2 0 0 0 0 0 0 0 0 0 0 0 0 1000000 0 5000000 0 500000 0 3200000 1 1500000 0
5 0 0 0 0 0.0000007 0 0 0 0 0.0000007 0 0 0 0 0.0000007 0 0 0 0 0.0000007 0 0 0 0 0.0000007 0 0 0 0 0.0000007 0 0 0 0 0.0000007 0 0 0 0 0.0000007 0 0 0 0 0.0000007 0 0 0 0 0.0000007 0 0 0 0 0 0 0 0 0 0 0 0 0 0 0 0 0 0 0 0 0 0 0 0 0.0000007 0 0 0 0 0 2 0 0 0 0 0 0 0 0 0 0 0 0 1000000 0 5000000 0 500000 0 3200000 0 1500000 1
5 0.000001 0 0 0 0 0.000001 0 0 0 0 0.000001 0 0 0 0 0.000001 0 0 0 0 0.000001 0 0 0 0 0.000001 0 0 0 0 0.000001 0 0 0 0 0.000001 0 0 0 0 0.000001 0 0 0 0 0.000001 0 0 0 0 0.000001 0 0 0 0 0 0 0 0 0 0 0 0 0 0 0 0 0 0 0 0 0 0 0 0 0 0 0 0 0 0 1 0 0 0 0 0 0 0 0 0 0 0 1000000 1 5000000 0 500000 0 3200000 0 1500000 0
5 0.000001 0 0 0 0 0.000001 0 0 0 0 0.000001 0 0 0 0 0.000001 0 0 0 0 0.000001 0 0 0 0 0.000001 0 0 0 0 0.000001 0 0 0 0 0.000001 0 0 0 0 0.000001 0 0 0 0 0.000001 0 0 0 0 0.000001 0 0 0 0 0 0 0 0 0 0 0 0 0 0 0 0 0 0 0 0 0 0 0 0 0 0 0 0 0 0 2 0 0 0 0 0 0 0 0 0 0 0 1000000 1 5000000 0 500000 0 3200000 0 1500000 0
5 0 0.0000002 0 0 0 0 0.0000002 0 0 0 0 0.0000002 0 0 0 0 0.0000002 0 0 0 0 0.0000002 0 0 0 0 0.0000002 0 0 0 0 0.0000002 0 0 0 0 0.0000002 0 0 0 0 0.0000002 0 0 0 0 0.0000002 0 0 0 0 0 0 0 0 0 0.0000002 0 0 0 0 0 0 0 0 0 0 0 0 0 0 0 0 0 0 0 0 0 0 0 0 1 0 0 0 0 0 0 0 0 0 0 0 1000000 0 5000000 1 500000 0 3200000 0 1500000 0
5 0 0.0000002 0 0 0 0 0.0000002 0 0 0 0 0.0000002 0 0 0 0 0.0000002 0 0 0 0 0.0000002 0 0 0 0 0.0000002 0 0 0 0 0.0000002 0 0 0 0 0.0000002 0 0 0 0 0.0000002 0 0 0 0 0.0000002 0 0 0 0 0 0 0 0 0 0.0000002 0 0 0 0 0 0 0 0 0 0 0 0 0 0 0 0 0 0 0 0 0 0 0 0 2 0 0 0 0 0 0 0 0 0 0 0 1000000 0 5000000 1 500000 0 3200000 0 1500000 0
5 0.000001 0 0 0 0 0.000001 0 0 0 0 0.000001 0 0 0 0 0.000001 0 0 0 0 0.000001 0 0 0 0 0.000001 0 0 0 0 0.000001 0 0 0 0 0.000001 0 0 0 0 0.000001 0 0 0 0 0.000001 0 0 0 0 0.000001 0 0 0 0 0 0 0 0 0 0 0 0 0 0 0 0 0 0 0 0 0 0 0 0 0 0 0 0 0 0 0 1 0 0 0 0 0 0 0 0 0 0 1000000 1 5000000 0 500000 0 3200000 0 1500000 0
5 0.000001 0 0 0 0 0.000001 0 0 0 0 0.000001 0 0 0 0 0.000001 0 0 0 0 0.000001 0 0 0 0 0.000001 0 0 0 0 0.000001 0 0 0 0 0.000001 0 0 0 0 0.000001 0 0 0 0 0.000001 0 0 0 0 0.000001 0 0 0 0 0 0 0 0 0 0 0 0 0 0 0 0 0 0 0 0 0 0 0 0 0 0 0 0 0 0 0 2 0 0 0 0 0 0 0 0 0 0 1000000 1 5000000 0 500000 0 3200000 0 1500000 0
5 0 0.0000002 0 0 0 0 0.0000002 0 0 0 0 0.0000002 0 0 0 0 0.0000002 0 0 0 0 0.0000002 0 0 0 0 0.0000002 0 0 0 0 0.0000002 0 0 0 0 0.0000002 0 0 0 0 0.0000002 0 0 0 0 0.0000002 0 0 0 0 0 0 0 0 0 0.0000002 0 0 0 0 0 0 0 0 0 0 0 0 0 0 0 0 0 0 0 0 0 0 0 0 0 1 0 0 0 0 0 0 0 0 0 0 1000000 0 5000000 1 500000 0 3200000 0 1500000 0
5 0 0.0000002 0 0 0 0 0.0000002 0 0 0 0 0.0000002 0 0 0 0 0.0000002 0 0 0 0 0.0000002 0 0 0 0 0.0000002 0 0 0 0 0.0000002 0 0 0 0 0.0000002 0 0 0 0 0.0000002 0 0 0 0 0.0000002 0 0 0 0 0 0 0 0 0 0.0000002 0 0 0 0 0 0 0 0 0 0 0 0 0 0 0 0 0 0 0 0 0 0 0 0 0 2 0 0 0 0 0 0 0 0 0 0 1000000 0 5000000 1 500000 0 3200000 0 1500000 0
5 0.000001 0 0 0 0 0.000001 0 0 0 0 0.000001 0 0 0 0 0.000001 0 0 0 0 0.000001 0 0 0 0 0.000001 0 0 0 0 0.000001 0 0 0 0 0.000001 0 0 0 0 0.000001 0 0 0 0 0.000001 0 0 0 0 0.000001 0 0 0 0 0 0 0 0 0 0 0 0 0 0 0 0 0 0 0 0 0 0 0 0 0 1 0 0 0 0 0 0 1 0 0 0 0 0 0 0 0 0 1000000 1 5000000 0 500000 0 3200000 0 1500000 0
5 0 0.0000002 0 0 0 0 0.0000002 0 0 0 0 0.0000002 0 0 0 0 0.0000002 0 0 0 0 0.0000002 0 0 0 0 0.0000002 0 0 0 0 0.0000002 0 0 0 0 0.0000002 0 0 0 0 0.0000002 0 0 0 0 0.0000002 0 0 0 0 0 0 0 0 0 0.0000002 0 0 0 0 0 0 0 0 0 0 0 0 0 0 0 0 0 0 0 1 0 0 0 0 0 0 1 0 0 0 0 0 0 0 0 0 1000000 0 5000000 1 500000 0 3200000 0 1500000 0
5 0.000001 0 0 0 0 0.000001 0 0 0 0 0.000001 0 0 0 0 0.000001 0 0 0 0 0.000001 0 0 0 0 0.000001 0 0 0 0 0.000001 0 0 0 0 0.000001 0 0 0 0 0.000001 0 0 0 0 0.000001 0 0 0 0 0.000001 0 0 0 0 0 0 0 0 0 0 0 0 0 0 0 0 0 0 0 0 0 0 0 0 0 1 0 0 0 0 0 0 0 1 0 0 0 0 0 0 0 0 1000000 1 5000000 0 500000 0 3200000 0 1500000 0
5 0 0.0000002 0 0 0 0 0.0000002 0 0 0 0 0.0000002 0 0 0 0 0.0000002 0 0 0 0 0.0000002 0 0 0 0 0.0000002 0 0 0 0 0.0000002 0 0 0 0 0.0000002 0 0 0 0 0.0000002 0 0 0 0 0.0000002 0 0 0 0 0 0 0 0 0.0000002 0 0 0 0 0 0 0 0 0 0 0 0 0 0 0 0 0 0 0 1 0 0 0 0 0 0 0 1 0 0 0 0 0 0 0 0 1000000 0 5000000 1 500000 0 3200000 0 1500000 0
5 0.000001 0 0 0 0 0.000001 0 0 0 0 0.000001 0 0 0 0 0.000001 0 0 0 0 0.000001 0 0 0 0 0.000001 0 0 0 0 0.000001 0 0 0 0 0.000001 0 0 0 0 0.000001 0 0 0 0 0.000001 0 0 0 0 0.000001 0 0 0 0 0 0 0 0 0 0 0 0 0 0 0 0 0 0 0 0 0 0 0 0 0 1 0 0 0 0 0 0 0 0 1 0 0 0 0 0 0 0 1000000 1 5000000 0 500000 0 3200000 0 1500000 0
5 0 0.0000002 0 0 0 0 0.0000002 0 0 0 0 0.0000002 0 0 0 0 0.0000002 0 0 0 0 0.0000002 0 0 0 0 0.0000002 0 0 0 0 0.0000002 0 0 0 0 0.0000002 0 0 0 0 0.0000002 0 0 0 0 0.0000002 0 0 0 0 0 0 0 0 0 0.0000002 0 0 0 0 0 0 0 0 0 0 0 0 0 0 0 0 0 0 0 1 0 0 0 0 0 0 0 0 1 0 0 0 0 0 0 0 1000000 0 5000000 1 500000 0 3200000 0 1500000 0
5 0.000001 0 0 0 0 0.000001 0 0 0 0 0.000001 0 0 0 0 0.000001 0 0 0 0 0.000001 0 0 0 0 0.000001 0 0 0 0 0.000001 0 0 0 0 0.000001 0 0 0 0 0.000001 0 0 0 0 0.000001 0 0 0 0 0.000001 0 0 0 0 0 0 0 0 0 0 0 0 0 0 0 0 0 0 0 0 0 0 0 0 0 1 0 0 0 0 0 0 0 0 0 1 0 0 0 0 0 0 1000000 1 5000000 0 500000 0 3200000 0 1500000 0
5 0 0.0000002 0 0 0 0 0.0000002 0 0 0 0 0.0000002 0 0 0 0 0.0000002 0 0 0 0 0.0000002 0 0 0 0 0.0000002 0 0 0 0 0.0000002 0 0 0 0 0.0000002 0 0 0 0 0.0000002 0 0 0 0 0.0000002 0 0 0 0 0 0 0 0 0 0.0000002 0 0 0 0 0 0 0 0 0 0 0 0 0 0 0 0 0 0 0 1 0 0 0 0 0 0 0 0 0 1 0 0 0 0 0 0 1000000 0 5000000 1 500000 0 3200000 0 1500000 0
5 0.000001 0 0 0 0 0.000001 0 0 0 0 0.000001 0 0 0 0 0.000001 0 0 0 0 0.000001 0 0 0 0 0.000001 0 0 0 0 0.000001 0 0 0 0 0.000001 0 0 0 0 0.000001 0 0 0 0 0.000001 0 0 0 0 0.000001 0 0 0 0 0 0 0 0 0 0 0 0 0 0 0 0 0 0 0 0 0 0 0 0 0 1 0 0 0 0 0 0 0 0 0 0 1 0 0 0 0 0 1000000 1 5000000 0 500000 0 3200000 0 1500000 0
5 0 0.0000002 0 0 0 0 0.0000002 0 0 0 0 0.0000002 0 0 0 0 0.0000002 0 0 0 0 0.0000002 0 0 0 0 0.0000002 0 0 0 0 0.0000002 0 0 0 0 0.0000002 0 0 0 0 0.0000002 0 0 0 0 0.0000002 0 0 0 0 0 0 0 0 0 0.0000002 0 0 0 0 0 0 0 0 0 0 0 0 0 0 0 0 0 0 0 1 0 0 0 0 0 0 0 0 0 0 1 0 0 0 0 0 1000000 0 5000000 1 500000 0 3200000 0 1500000 0
5 0.000001 0 0 0 0 0.000001 0 0 0 0 0.000001 0 0 0 0 0.000001 0 0 0 0 0.000001 0 0 0 0 0.000001 0 0 0 0 0.000001 0 0 0 0 0.000001 0 0 0 0 0.000001 0 0 0 0 0.000001 0 0 0 0 0.000001 0 0 0 0 0 0 0 0 0 0 0 0 0 0 0 0 0 0 0 0 0 0 0 0 0 1 0 0 0 0 0 0 0 0 0 0 0 1 0 0 0 0 1000000 1 5000000 0 500000 0 3200000 0 1500000 0
5 0 0.0000002 0 0 0 0 0.0000002 0 0 0 0 0.0000002 0 0 0 0 0.0000002 0 0 0 0 0.0000002 0 0 0 0 0.0000002 0 0 0 0 0.0000002 0 0 0 0 0.0000002 0 0 0 0 0.0000002 0 0 0 0 0.0000002 0 0 0 0 0 0 0 0 0 0.0000002 0 0 0 0 0 0 0 0 0 0 0 0 0 0 0 0 0 0 0 1 0 0 0 0 0 0 0 0 0 0 0 1 0 0 0 0 1000000 0 5000000 1 500000 0 3200000 0 1500000 0
5 0.000001 0 0 0 0 0.000001 0 0 0 0 0.000001 0 0 0 0 0.000001 0 0 0 0 0.000001 0 0 0 0 0.000001 0 0 0 0 0.000001 0 0 0 0 0.000001 0 0 0 0 0.000001 0 0 0 0 0.000001 0 0 0 0 0.000001 0 0 0 0 0 0 0 0 0 0 0 0 0 0 0 0 0 0 0 0 0 0 0 0 0 1 0 0 0 0 0 0 0 0 0 0 0 0 1 0 0 0 1000000 1 5000000 0 500000 0 3200000 0 1500000 0
5 0 0.0000002 0 0 0 0 0.0000002 0 0 0 0 0.0000002 0 0 0 0 0.0000002 0 0 0 0 0.0000002 0 0 0 0 0.0000002 0 0 0 0 0.0000002 0 0 0 0 0.0000002 0 0 0 0 0.0000002 0 0 0 0 0.0000002 0 0 0 0 0 0 0 0 0 0.0000002 0 0 0 0 0 0 0 0 0 0 0 0 0 0 0 0 0 0 0 1 0 0 0 0 0 0 0 0 0 0 0 0 1 0 0 0 1000000 0 5000000 1 500000 0 3200000 0 1500000 0
5 0.000001 0 0 0 0 0.000001 0 0 0 0 0.000001 0 0 0 0 0.000001 0 0 0 0 0.000001 0 0 0 0 0.000001 0 0 0 0 0.000001 0 0 0 0 0.000001 0 0 0 0 0.000001 0 0 0 0 0.000001 0 0 0 0 0.000001 0 0 0 0 0 0 0 0 0 0 0 0 0 0 0 0 0 0 0 0 0 0 0 0 0 1 0 0 0 0 0 0 0 0 0 0 0 0 0 1 0 0 1000000 1 5000000 0 500000 0 3200000 0 1500000 0
5 0 0.0000002 0 0 0 0 0.0000002 0 0 0 0 0.0000002 0 0 0 0 0.0000002 0 0 0 0 0.0000002 0 0 0 0 0.0000002 0 0 0 0 0.0000002 0 0 0 0 0.0000002 0 0 0 0 0.0000002 0 0 0 0 0.0000002 0 0 0 0 0 0 0 0 0 0.0000002 0 0 0 0 0 0 0 0 0 0 0 0 0 0 0 0 0 0 0 1 0 0 0 0 0 0 0 0 0 0 0 0 0 1 0 0 1000000 0 5000000 1 500000 0 3200000 0 1500000 0
5 0.000001 0 0 0 0 0.000001 0 0 0 0 0.000001 0 0 0 0 0.000001 0 0 0 0 0.000001 0 0 0 0 0.000001 0 0 0 0 0.000001 0 0 0 0 0.000001 0 0 0 0 0.000001 0 0 0 0 0.000001 0 0 0 0 0.000001 0 0 0 0 0 0 0 0 0 0 0 0 0 0 0 0 0 0 0 0 0 0 0 0 0 1 0 0 0 0 0 0 0 0 0 0 0 0 0 0 1 0 1000000 1 5000000 0 500000 0 3200000 0 1500000 0
5 0 0.0000002 0 0 0 0 0.0000002 0 0 0 0 0.0000002 0 0 0 0 0.0000002 0 0 0 0 0.0000002 0 0 0 0 0.0000002 0 0 0 0 0.0000002 0 0 0 0 0.0000002 0 0 0 0 0.0000002 0 0 0 0 0.0000002 0 0 0 0 0 0 0 0 0 0.0000002 0 0 0 0 0 0 0 0 0 0 0 0 0 0 0 0 0 0 0 1 0 0 0 0 0 0 0 0 0 0 0 0 0 0 1 0 1000000 0 5000000 1 500000 0 3200000 0 1500000 0
5 0.000001 0 0 0 0 0.000001 0 0 0 0 0.000001 0 0 0 0 0.000001 0 0 0 0 0.000001 0 0 0 0 0.000001 0 0 0 0 0.000001 0 0 0 0 0.000001 0 0 0 0 0.000001 0 0 0 0 0.000001 0 0 0 0 0.000001 0 0 0 0 0 0 0 0 0 0 0 0 0 0 0 0 0 0 0 0 0 0 0 0 0 1 0 0 0 0 0 0 0 0 0 0 0 0 0 0 0 1 1000000 1 5000000 0 500000 0 3200000 0 1500000 0
5 0 0.0000002 0 0 0 0 0.0000002 0 0 0 0 0.0000002 0 0 0 0 0.0000002 0 0 0 0 0.0000002 0 0 0 0 0.0000002 0 0 0 0 0.0000002 0 0 0 0 0.0000002 0 0 0 0 0.0000002 0 0 0 0 0.0000002 0 0 0 0 0 0 0 0 0 0.0000002 0 0 0 0 0 0 0 0 0 0 0 0 0 0 0 0 0 0 0 1 0 0 0 0 0 0 0 0 0 0 0 0 0 0 0 1 1000000 0 5000000 1 500000 0 3200000 0 1500000 0
5 0.001 0 0 0 0 0.001 0 0 0 0 0.001 0 0 0 0 0.001 0 0 0 0 0.001 0 0 0 0 0.001 0 0 0 0 0.001 0 0 0 0 0.001 0 0 0 0 0.001 0 0 0 0 0.001 0 0 0 0 0.001 0 0 0 0 0 0 0 0 0 0 0 0 0 0 0 0 0 0 0 0 0 0 0 0 0 1 0 0 0 0 0 0 0 0 0 0 0 0 0 0 0 0 1000000 1000 5000000 0 500000 0 3200000 0 1500000 0
5 0.1 0 0 0 0 0.1 0 0 0 0 0.1 0 0 0 0 0.1 0 0 0 0 0.1 0 0 0 0 0.1 0 0 0 0 0.1 0 0 0 0 0.1 0 0 0 0 0.1 0 0 0 0 0.1 0 0 0 0 0.1 0 0 0 0 0 0 0 0 0 0 0 0 0 0 0 0 0 0 0 0 0 0 0 0 0 1 0 0 0 0 0 0 0 0 0 0 0 0 0 0 0 0 1000000 100000 5000000 0 500000 0 3200000 0 1500000 0
5 0.5 0 0 0 0 0.5 0 0 0 0 0.5 0 0 0 0 0.5 0 0 0 0 0.5 0 0 0 0 0.5 0 0 0 0 0.5 0 0 0 0 0.5 0 0 0 0 0.5 0 0 0 0 0.5 0 0 0 0 0.5 0 0 0 0 0 0 0 0 0 0 0 0 0 0 0 0 0 0 0 0 0 0 0 0 0 1 0 0 0 0 0 0 0 0 0 0 0 0 0 0 0 0 1000000 500000 5000000 0 500000 0 3200000 0 1500000 0
5 0 0.001 0 0 0 0 0.001 0 0 0 0 0.001 0 0 0 0 0.001 0 0 0 0 0.001 0 0 0 0 0.001 0 0 0 0 0.001 0 0 0 0 0.001 0 0 0 0 0.001 0 0 0 0 0.001 0 0 0 0 0 0 0 0 0 0.001 0 0 0 0 0 0 0 0 0 0 0 0 0 0 0 0 0 0 0 1 0 0 0 0 0 0 0 0 0 0 0 0 0 0 0 0 1000000 0 5000000 5000 500000 0 3200000 0 1500000 0
5 0 0.1 0 0 0 0 0.1 0 0 0 0 0.1 0 0 0 0 0.1 0 0 0 0 0.1 0 0 0 0 0.1 0 0 0 0 0.1 0 0 0 0 0.1 0 0 0 0 0.1 0 0 0 0 0.1 0 0 0 0 0 0 0 0 0 0.1 0 0 0 0 0 0 0 0 0 0 0 0 0 0 0 0 0 0 0 1 0 0 0 0 0 0 0 0 0 0 0 0 0 0 0 0 1000000 0 5000000 500000 500000 0 3200000 0 1500000 0
5 0 0.5 0 0 0 0 0.5 0 0 0 0 0.5 0 0 0 0 0.5 0 0 0 0 0.5 0 0 0 0 0.5 0 0 0 0 0.5 0 0 0 0 0.5 0 0 0 0 0.5 0 0 0 0 0.5 0 0 0 0 0 0 0 0 0 0.5 0 0 0 0 0 0 0 0 0 0 0 0 0 0 0 0 0 0 0 1 0 0 0 0 0 0 0 0 0 0 0 0 0 0 0 0 1000000 0 5000000 2500000 500000 0 3200000 0 1500000 0
5 0 0.5 0 0 0 0 0.5 0 0 0 0 0.5 0 0 0 0 0.5 0 0 0 0 0.5 0 0 0 0 0.5 0 0 0 0 0.5 0 0 0 0 0.5 0 0 0 0 0.5 0 0 0 0 0.5 0 0 0 0 0 0 0 0 0 0.5 0 0 0 0 0 0 0 0 0 0 0 0 0 0 0 0 0 0 0 1 0 0 1 0 0 0 0 0 0 0 0 0 0 0 0 0 1000000 0 5000000 2500000 500000 0 3200000 0 1500000 0
5 0 0.5 0 0 0 0 0.5 0 0 0 0 0.5 0 0 0 0 0.5 0 0 0 0 0.5 0 0 0 0 0.5 0 0 0 0 0.5 0 0 0 0 0.5 0 0 0 0 0.5 0 0 0 0 0.5 0 0 0 0 0 0 0 0 0 0.5 0 0 0 0 0 0 0 0 0 0 0 0 0 0 0 0 0 0 1 1 0 0 0 0 0 0 0 0 0 0 0 0 0 0 0 0 1000000 0 5000000 2500000 500000 0 3200000 0 1500000 0
5 0 0 0.001 0 0 0 0 0.001 0 0 0 0 0.001 0 0 0 0 0.001 0 0 0 0 0.001 0 0 0 0 0.001 0 0 0 0 0.001 0 0 0 0 0.001 0 0 0 0 0.001 0 0 0 0 0.001 0 0 0 0 0 0 0 0 0 0 0 0 0 0 0.001 0 0 0 0 0 0 0 0 0 0 0 0 0 1 0 0 0 0 0 0 0 0 0 0 0 0 0 0 0 0 1000000 0 5000000 0 500000 500 3200000 0 1500000 0
5 0 0 0.1 0 0 0 0 0.1 0 0 0 0 0.1 0 0 0 0 0.1 0 0 0 0 0.1 0 0 0 0 0.1 0 0 0 0 0.1 0 0 0 0 0.1 0 0 0 0 0.1 0 0 0 0 0.1 0 0 0 0 0 0 0 0 0 0 0 0 0 0 0.1 0 0 0 0 0 0 0 0 0 0 0 0 0 1 0 0 0 0 0 0 0 0 0 0 0 0 0 0 0 0 1000000 0 5000000 0 500000 50000 3200000 0 1500000 0
5 0 0 0.1 0 0 0 0 0.1 0 0 0 0 0.1 0 0 0 0 0.1 0 0 0 0 0.1 0 0 0 0 0.1 0 0 0 0 0.1 0 0 0 0 0.1 0 0 0 0 0.1 0 0 0 0 0.1 0 0 0 0 0 0 0 0 0 0 0 0 0 0 0.1 0 0 0 0 0 0 0 0 0 0 0 0 0 1 0 0 0 0 0 0 0 0 0 0 0 0 0 0 0 0 1000000 0 5000000 0 500000 250000 3200000 0 1500000 0
5 0 0 0 0.001 0 0 0 0 0.001 0 0 0 0 0.001 0 0 0 0 0.001 0 0 0 0 0.001 0 0 0 0 0.001 0 0 0 0 0.001 0 0 0 0 0.001 0 0 0 0 0.001 0 0 0 0 0.001 0 0 0 0 0 0 0 0 0 0 0 0 0 0 0 0 0 0 0 0.001 0 0 0 0 0 0 0 1 0 0 0 0 0 0 0 0 0 0 0 0 0 0 0 0 1000000 0 5000000 0 500000 0 3200000 3200 1500000 0
5 0 0 0 0.1 0 0 0 0 0.1 0 0 0 0 0.1 0 0 0 0 0.1 0 0 0 0 0.1 0 0 0 0 0.1 0 0 0 0 0.1 0 0 0 0 0.1 0 0 0 0 0.1 0 0 0 0 0.1 0 0 0 0 0 0 0 0 0 0 0 0 0 0 0 0 0 0 0 0.1 0 0 0 0 0 0 0 1 0 0 0 0 0 0 0 0 0 0 0 0 0 0 0 0 1000000 0 5000000 0 500000 0 3200000 320000 1500000 0
5 0 0 0 0.5 0 0 0 0 0.5 0 0 0 0 0.5 0 0 0 0 0.5 0 0 0 0 0.5 0 0 0 0 0.5 0 0 0 0 0.5 0 0 0 0 0.5 0 0 0 0 0.5 0 0 0 0 0.5 0 0 0 0 0 0 0 0 0 0 0 0 0 0 0 0 0 0 0 0.5 0 0 0 0 0 0 0 1 0 0 0 0 0 0 0 0 0 0 0 0 0 0 0 0 1000000 0 5000000 0 500000 0 3200000 1600000 1500000 0
5 0 0 0 0 0.001 0 0 0 0 0.001 0 0 0 0 0.001 0 0 0 0 0.001 0 0 0 0 0.001 0 0 0 0 0.001 0 0 0 0 0.001 0 0 0 0 0.001 0 0 0 0 0.001 0 0 0 0 0.001 0 0 0 0 0 0 0 0 0 0 0 0 0 0 0 0 0 0 0 0 0 0 0 0 0.001 0 1 0 0 0 0 0 0 0 0 0 0 0 0 0 0 0 0 1000000 0 5000000 0 500000 0 3200000 0 1500000 1500
5 0 0 0 0 0.1 0 0 0 0 0.1 0 0 0 0 0.1 0 0 0 0 0.1 0 0 0 0 0.1 0 0 0 0 0.1 0 0 0 0 0.1 0 0 0 0 0.1 0 0 0 0 0.1 0 0 0 0 0.1 0 0 0 0 0 0 0 0 0 0 0 0 0 0 0 0 0 0 0 0 0 0 0 0 0.1 0 1 0 0 0 0 0 0 0 0 0 0 0 0 0 0 0 0 1000000 0 5000000 0 500000 0 3200000 0 1500000 150000
5 0 0 0 0 0.5 0 0 0 0 0.5 0 0 0 0 0.5 0 0 0 0 0.5 0 0 0 0 0.5 0 0 0 0 0.5 0 0 0 0 0.5 0 0 0 0 0.5 0 0 0 0 0.5 0 0 0 0 0.5 0 0 0 0 0 0 0 0 0 0 0 0 0 0 0 0 0 0 0 0 0 0 0 0 0.5 0 1 0 0 0 0 0 0 0 0 0 0 0 0 0 0 0 0 1000000 0 5000000 0 500000 0 3200000 0 1500000 750000